chi_Init <- structure(c(0.999858, 0.501102, 0.500674, 0.000346, -0.000116, 0.000063, 0.499616, -0.000460, -0.000116, 0.000063, 0.499616, -0.000460, 0.000115, 0.500546, 0.498937, 0.999457, 0.000000, 0.000000, 0.000000, 0.000000, -0.000420, -0.500467, 0.000072, -0.001110, 0.000420, 0.500467, -0.000072, 0.001110, 0.000000, 0.000000, 0.000000, 0.000000, -0.000081, -0.000613, -0.500205, -0.000498, 0.999660, 0.498584, 0.499205, -0.000128, -0.000077, 0.500273, -0.499183, 0.997374, -0.000235, -0.000363, 0.499109, -0.000970, 0.000134, -0.500475, -0.000154, -0.000234, -0.000517, 0.000566, 0.000557, 0.000436, 0.000116, -0.000563, 0.000259, -0.002154, 0.000244, 0.499181, 0.000236, -0.001098, -0.000081, -0.000613, -0.500205, -0.000498, -0.000077, 0.500273, -0.499183, 0.997374, 0.999660, 0.498584, 0.499205, -0.000128, -0.000235, -0.000363, 0.499109, -0.000970, -0.000134, 0.500475, 0.000154, 0.000234, -0.000116, 0.000563, -0.000259, 0.002154, 0.000517, -0.000566, -0.000557, -0.000436, -0.000244, -0.499181, -0.000236, 0.001098, 0.000169, 0.500129, 0.500048, 0.999468, -0.000179, -0.000897, -0.499048, 0.000492, -0.000179, -0.000897, -0.499048, 0.000492, 0.999858, 0.498223, 0.500341, 0.000729, 0.000000, 0.000000, 0.000000, 0.000000, 0.000105, 0.498682, -0.001247, -0.000446, -0.000105, -0.498682, 0.001247, 0.000446, 0.000000, 0.000000, 0.000000, 0.000000, -0.000000, -0.000000, -0.000000, -0.000000, 0.000420, 0.500467, -0.000072, 0.001110, -0.000420, -0.500467, 0.000072, -0.001110, -0.000000, -0.000000, -0.000000, -0.000000, 0.999858, 0.501102, 0.500674, 0.000346, -0.000116, 0.000063, 0.499616, -0.000460, -0.000116, 0.000063, 0.499616, -0.000460, 0.000115, 0.500546, 0.498937, 0.999457, -0.000134, 0.500475, 0.000154, 0.000234, 0.000517, -0.000566, -0.000557, -0.000436, -0.000116, 0.000563, -0.000259, 0.002154, -0.000244, -0.499181, -0.000236, 0.001098, -0.000081, -0.000613, -0.500205, -0.000498, 0.999660, 0.498584, 0.499205, -0.000128, -0.000077, 0.500273, -0.499183, 0.997374, -0.000235, -0.000363, 0.499109, -0.000970, 0.000134, -0.500475, -0.000154, -0.000234, 0.000116, -0.000563, 0.000259, -0.002154, -0.000517, 0.000566, 0.000557, 0.000436, 0.000244, 0.499181, 0.000236, -0.001098, -0.000081, -0.000613, -0.500205, -0.000498, -0.000077, 0.500273, -0.499183, 0.997374, 0.999660, 0.498584, 0.499205, -0.000128, -0.000235, -0.000363, 0.499109, -0.000970, -0.000000, -0.000000, -0.000000, -0.000000, -0.000105, -0.498682, 0.001247, 0.000446, 0.000105, 0.498682, -0.001247, -0.000446, -0.000000, -0.000000, -0.000000, -0.000000, 0.000169, 0.500129, 0.500048, 0.999468, -0.000179, -0.000897, -0.499048, 0.000492, -0.000179, -0.000897, -0.499048, 0.000492, 0.999858, 0.498223, 0.500341, 0.000729), .Dim = c(4,8,8))
chi_Init_Real <- structure(c(0.999858, 0.501102, 0.500674, 0.000346, -0.000116, 0.000063, 0.499616, -0.000460, -0.000116, 0.000063, 0.499616, -0.000460, 0.000115, 0.500546, 0.498937, 0.999457, -0.000081, -0.000613, -0.500205, -0.000498, 0.999660, 0.498584, 0.499205, -0.000128, -0.000077, 0.500273, -0.499183, 0.997374, -0.000235, -0.000363, 0.499109, -0.000970, -0.000081, -0.000613, -0.500205, -0.000498, -0.000077, 0.500273, -0.499183, 0.997374, 0.999660, 0.498584, 0.499205, -0.000128, -0.000235, -0.000363, 0.499109, -0.000970, 0.000169, 0.500129, 0.500048, 0.999468, -0.000179, -0.000897, -0.499048, 0.000492, -0.000179, -0.000897, -0.499048, 0.000492, 0.999858, 0.498223, 0.500341, 0.000729), .Dim = c(4,4,4))
chi_Init_Imag <- structure(c(0.000000, 0.000000, 0.000000, 0.000000, -0.000420, -0.500467, 0.000072, -0.001110, 0.000420, 0.500467, -0.000072, 0.001110, 0.000000, 0.000000, 0.000000, 0.000000, 0.000134, -0.500475, -0.000154, -0.000234, -0.000517, 0.000566, 0.000557, 0.000436, 0.000116, -0.000563, 0.000259, -0.002154, 0.000244, 0.499181, 0.000236, -0.001098, -0.000134, 0.500475, 0.000154, 0.000234, -0.000116, 0.000563, -0.000259, 0.002154, 0.000517, -0.000566, -0.000557, -0.000436, -0.000244, -0.499181, -0.000236, 0.001098, 0.000000, 0.000000, 0.000000, 0.000000, 0.000105, 0.498682, -0.001247, -0.000446, -0.000105, -0.498682, 0.001247, 0.000446, 0.000000, 0.000000, 0.000000, 0.000000), .Dim = c(4,4,4))
rho_init <- structure(c(0.999998, -0.000001, -0.000000, -0.000004, -0.000001, 0.000002, 0.000004, -0.000000, 0.000000, 0.000004, 0.999998, -0.000001, -0.000004, 0.000000, -0.000001, 0.000002), .Dim = c(4,4))
rho_init_real <- structure(c(0.999998, -0.000001, -0.000001, 0.000002), .Dim = c(2,2))
rho_init_imag <- structure(c(-0.000000, -0.000004, 0.000004, -0.000000), .Dim = c(2,2))
rho_init_chol_real <- structure(c(0.999999, 0.000000, -0.000001, 0.001400), .Dim = c(2,2))
rho_init_chol_imag <- structure(c(0.000000, 0.000000, 0.000000, 0.000000), .Dim = c(2,2))
E_init <- structure(c(1.000000, -0.000000, 0.000000, 0.000000, -0.000000, 0.000000, 0.000000, 0.000000, -0.000000, -0.000000, 1.000000, -0.000000, -0.000000, -0.000000, -0.000000, 0.000000), .Dim = c(4,4))
E_init_real <- structure(c(1.000000, -0.000000, -0.000000, 0.000000), .Dim = c(2,2))
E_init_imag <- structure(c(0.000000, 0.000000, 0.000000, 0.000000), .Dim = c(2,2))
E_init_chol_real <- structure(c(1.000000, 0.000000, -0.000000, 0.000161), .Dim = c(2,2))
E_init_chol_imag <- structure(c(0.000000, 0.000000, 0.000000, 0.000000), .Dim = c(2,2))
sds1_init <- c(9.999980e-01, 1.960441e-06)
sds2_init <- c(9.999999e-01, 2.589356e-08)
pi1_init <- c(9.999990e-01, 1.400158e-03)
pi2_init <- c(1.000000e+00, 1.609148e-04)