measurementResults <- structure(c(1000000.000000, 499911.000000, 500352.000000, 0.000000, 500652.000000, 0.000000, 500152.000000, 500705.000000, 500438.000000, 500170.000000, 0.000000, 498960.000000, 0.000000, 500608.000000, 500232.000000, 1000000.000000, 499714.000000, 0.000000, 499969.000000, 500220.000000, 0.000000, 500390.000000, 0.000000, 1000000.000000, 499857.000000, 499901.000000, 500073.000000, 500755.000000, 500905.000000, 1000000.000000, 499730.000000, 501002.000000, 499704.000000, 500421.000000, 0.000000, 499202.000000, 500995.000000, 500255.000000, 499860.000000, 500220.000000, 0.000000, 0.000000, 499474.000000, 0.000000, 500116.000000, 500018.000000, 1000000.000000, 499821.000000, 0.000000, 500686.000000, 499939.000000, 1000000.000000, 499811.000000, 1000000.000000, 499958.000000, 500015.000000, 500096.000000, 499788.000000, 1000000.000000, 499958.000000, 1000000.000000, 499177.000000, 500303.000000, 0.000000), .Dim = c(4,16))
trials <- 1000000
Fnumber <- 4
chiDimensions <- 4
rhoDimensions <- 2
chiDimensionsSquared <- 16
chiDimensionsDoubled <- 8
chiDimensionsDoubledSquared <- 64
rhoDimensionsDoubled <- 4
rhoVectorDimensions <- 8
rhoDimensionsDoubledSquared <- 16
numberOfGates <- 4
F_map <- c(1, 2, 3, 4)
nu <- 1
Gates_Actual <- structure(c(1.000000, 0.500000, 0.500000, 0.000000, 0.000000, 0.000000, 0.500000, 0.000000, 0.000000, 0.000000, 0.500000, 0.000000, 0.000000, 0.500000, 0.500000, 1.000000, 0.000000, 0.000000, 0.000000, 0.000000, 0.000000, -0.500000, 0.000000, -0.000000, 0.000000, 0.500000, 0.000000, 0.000000, 0.000000, 0.000000, 0.000000, 0.000000, 0.000000, 0.000000, -0.500000, 0.000000, 1.000000, 0.500000, 0.500000, 0.000000, 0.000000, 0.500000, -0.500000, 1.000000, 0.000000, 0.000000, 0.500000, 0.000000, 0.000000, -0.500000, 0.000000, -0.000000, 0.000000, 0.000000, 0.000000, 0.000000, 0.000000, 0.000000, 0.000000, 0.000000, 0.000000, 0.500000, 0.000000, 0.000000, 0.000000, 0.000000, -0.500000, 0.000000, 0.000000, 0.500000, -0.500000, 1.000000, 1.000000, 0.500000, 0.500000, 0.000000, 0.000000, 0.000000, 0.500000, 0.000000, 0.000000, 0.500000, 0.000000, 0.000000, 0.000000, 0.000000, 0.000000, 0.000000, 0.000000, 0.000000, 0.000000, 0.000000, 0.000000, -0.500000, 0.000000, -0.000000, 0.000000, 0.500000, 0.500000, 1.000000, 0.000000, 0.000000, -0.500000, 0.000000, 0.000000, 0.000000, -0.500000, 0.000000, 1.000000, 0.500000, 0.500000, 0.000000, 0.000000, 0.000000, 0.000000, 0.000000, 0.000000, 0.500000, 0.000000, 0.000000, 0.000000, -0.500000, 0.000000, -0.000000, 0.000000, 0.000000, 0.000000, 0.000000, -0.000000, -0.000000, -0.000000, -0.000000, -0.000000, 0.500000, -0.000000, 0.000000, -0.000000, -0.500000, -0.000000, -0.000000, -0.000000, -0.000000, -0.000000, -0.000000, 1.000000, 0.500000, 0.500000, 0.000000, 0.000000, 0.000000, 0.500000, 0.000000, 0.000000, 0.000000, 0.500000, 0.000000, 0.000000, 0.500000, 0.500000, 1.000000, -0.000000, 0.500000, -0.000000, 0.000000, -0.000000, -0.000000, -0.000000, -0.000000, -0.000000, -0.000000, -0.000000, -0.000000, -0.000000, -0.500000, -0.000000, -0.000000, 0.000000, 0.000000, -0.500000, 0.000000, 1.000000, 0.500000, 0.500000, 0.000000, 0.000000, 0.500000, -0.500000, 1.000000, 0.000000, 0.000000, 0.500000, 0.000000, -0.000000, -0.500000, -0.000000, -0.000000, -0.000000, -0.000000, -0.000000, -0.000000, -0.000000, -0.000000, -0.000000, -0.000000, -0.000000, 0.500000, -0.000000, 0.000000, 0.000000, 0.000000, -0.500000, 0.000000, 0.000000, 0.500000, -0.500000, 1.000000, 1.000000, 0.500000, 0.500000, 0.000000, 0.000000, 0.000000, 0.500000, 0.000000, -0.000000, -0.000000, -0.000000, -0.000000, -0.000000, -0.500000, -0.000000, -0.000000, -0.000000, 0.500000, -0.000000, 0.000000, -0.000000, -0.000000, -0.000000, -0.000000, 0.000000, 0.500000, 0.500000, 1.000000, 0.000000, 0.000000, -0.500000, 0.000000, 0.000000, 0.000000, -0.500000, 0.000000, 1.000000, 0.500000, 0.500000, 0.000000), .Dim = c(4,8,8))
A_new <- structure(c(0.500000, 0.000000, 0.000000, 0.000000, 0.000000, 0.500000, 0.000000, 0.000000, 0.000000, 0.000000, 0.500000, 0.000000, 0.000000, 0.000000, 0.000000, 0.500000, 0.000000, 0.000000, 0.000000, 0.000000, 0.000000, 0.000000, 0.000000, 0.000000, 0.000000, 0.000000, 0.000000, 0.000000, 0.000000, 0.000000, 0.000000, 0.000000, 0.000000, 0.000000, 0.500000, 0.000000, 0.000000, 0.000000, 0.000000, 0.500000, 0.500000, 0.000000, 0.000000, 0.000000, 0.000000, 0.500000, 0.000000, 0.000000, 0.000000, 0.000000, 0.000000, 0.000000, 0.000000, 0.000000, 0.000000, 0.000000, 0.000000, 0.000000, 0.000000, 0.000000, 0.000000, 0.000000, 0.000000, 0.000000, 0.000000, 0.000000, 0.000000, 0.000000, 0.000000, 0.000000, 0.000000, 0.000000, 0.000000, 0.000000, 0.000000, 0.000000, 0.000000, 0.000000, 0.000000, 0.000000, 0.000000, 0.000000, -0.500000, 0.000000, 0.000000, 0.000000, 0.000000, -0.500000, 0.500000, 0.000000, 0.000000, 0.000000, 0.000000, 0.500000, 0.000000, 0.000000, 0.500000, 0.000000, 0.000000, 0.000000, 0.000000, 0.500000, 0.000000, 0.000000, 0.000000, 0.000000, -0.500000, -0.000000, 0.000000, 0.000000, -0.000000, -0.500000, 0.000000, 0.000000, 0.000000, 0.000000, 0.000000, 0.000000, 0.000000, 0.000000, 0.000000, 0.000000, 0.000000, 0.000000, 0.000000, 0.000000, 0.000000, 0.000000, 0.000000, 0.500000, 0.000000, 0.000000, 0.500000, 0.000000, 0.000000, 0.000000, 0.000000, 0.000000, 0.000000, 0.500000, 0.000000, 0.000000, 0.500000, 0.000000, 0.000000, 0.000000, 0.000000, 0.000000, 0.000000, 0.000000, 0.000000, 0.000000, 0.000000, 0.000000, 0.000000, 0.000000, 0.000000, 0.000000, 0.000000, 0.000000, 0.000000, 0.000000, 0.000000, 0.500000, 0.000000, 0.000000, 0.500000, 0.000000, 0.000000, 0.500000, 0.000000, 0.000000, 0.500000, 0.000000, 0.000000, 0.000000, 0.000000, 0.000000, 0.000000, 0.000000, 0.000000, 0.000000, 0.000000, 0.000000, 0.000000, 0.000000, 0.000000, 0.000000, 0.000000, 0.000000, 0.000000, 0.000000, 0.000000, 0.000000, 0.000000, 0.000000, 0.000000, 0.000000, 0.000000, 0.000000, 0.000000, 0.000000, 0.000000, 0.000000, 0.000000, 0.000000, 0.000000, 0.000000, 0.000000, 0.000000, 0.000000, -0.500000, 0.000000, 0.000000, -0.500000, 0.000000, 0.000000, 0.500000, 0.000000, 0.000000, 0.500000, 0.000000, 0.000000, 0.000000, 0.000000, 0.500000, 0.000000, 0.000000, 0.500000, 0.000000, 0.000000, 0.000000, 0.000000, 0.000000, -0.000000, -0.500000, 0.000000, 0.000000, -0.500000, -0.000000, 0.000000, 0.000000, 0.000000, 0.000000, 0.000000, 0.000000, 0.000000, 0.000000, 0.000000, 0.000000, 0.000000, 0.000000, 0.000000, 0.000000, 0.000000, 0.000000, 0.000000, 0.000000, 0.000000, 0.000000, 0.000000, 0.000000, 0.000000, 0.000000, 0.000000, 0.000000, 0.000000, 0.000000, 0.000000, 0.000000, 0.000000, 0.000000, 0.000000, 0.500000, 0.000000, 0.000000, -0.500000, 0.000000, 0.000000, 0.000000, 0.000000, 0.000000, 0.000000, 0.500000, 0.000000, 0.000000, -0.500000, 0.000000, 0.000000, 0.000000, 0.000000, 0.000000, 0.000000, 0.000000, 0.000000, 0.000000, 0.000000, 0.000000, 0.000000, 0.000000, 0.000000, 0.000000, 0.000000, 0.000000, 0.000000, 0.000000, 0.000000, 0.500000, 0.000000, 0.000000, -0.500000, 0.000000, 0.000000, 0.500000, 0.000000, 0.000000, -0.500000, 0.000000, 0.000000, 0.000000, 0.000000, 0.000000, 0.000000, 0.500000, 0.000000, 0.000000, -0.500000, 0.000000, 0.000000, -0.500000, 0.000000, 0.000000, 0.500000, 0.000000, 0.000000, 0.000000, 0.000000, 0.000000, 0.000000, 0.000000, 0.000000, 0.000000, 0.000000, 0.000000, 0.000000, 0.000000, 0.000000, 0.000000, 0.000000, 0.000000, 0.000000, 0.000000, 0.000000, 0.000000, 0.000000, 0.000000, 0.000000, 0.000000, 0.000000, 0.000000, 0.000000, 0.000000, -0.000000, -0.000000, 0.000000, 0.000000, 0.000000, -0.000000, 0.000000, 0.500000, 0.000000, 0.000000, -0.500000, 0.000000, 0.000000, 0.000000, 0.000000, 0.000000, 0.000000, -0.500000, 0.000000, 0.000000, 0.500000, 0.000000, 0.500000, 0.000000, 0.000000, 0.000000, 0.000000, -0.500000, 0.000000, -0.000000, 0.000000, 0.000000, 0.500000, 0.000000, 0.000000, -0.000000, 0.000000, -0.500000, 0.000000,